6332
22687
26566
28195
1108
30096
32403
17090
2865
3773
22038
12266
13878
29044
8230
257
30719
22025
17330
10103
28114
27728
30093
29090
17220
13273
4605
21337
9387
7146
769
7250
27719
10045
16230
14396
30255
3966
11912
21660
18173
9347
31977
2152
28985
25417
11635
22884
25990
178
29581
15168
6542
25601
8672
25710
12719
19729
14822
5317
6498
8792
26679
10711
13935
8863
31123
7442
8915
30335
5294
18329
6508
23963
17599
2016
363
29599
8391
9482
17526
18683
7073
3074
23456
19296
18638
16987
16137
14839
8702
10984
9300
8548
6494
30747
14286
7038
1188
26654
15447
20170
11484
9907
15896
27069
3824
28876
17379
5550
6392
21994
11112
7581
28743
13110
7198
17574
3121
17504
15595
2115
12702
26171
6297
19012
6992
26389
23801
7824
23284
216
24789
14489
16106
22754
7319
13472
18644
8612
442
14510
224
14844
23796
10574
12758
26195
12064
28171
23008
32630
10477
428
23581
13109
13641
18994
16100
12989
16011
29838
728
27318
6755
20514
24240
8476
18562
26110
27587
5342
28680
18391
3926
31545
18353
21191
11430
30417
21695
25031
27572
25748
11431
11244
8403
6735
9595
19044
8434
29452
8474
8752
3753
17714
24345
11679
27654
7772
368
24974
32022
24821
12261
10849
18226
8088
1592
15552
14607
21033
14611
13841
18307
16562
7600
18618
2840
16384
72
28692
10834
7162
30015
26669
7360
19396
4369
25926
4805
19351
13050
18183
3619
14430
20072
17284
30540
2321
24353
17904
15209
466
29748
32035
16167
15561
32161
21965
12868
25792
18632
23672
4060
32126
22418
17215
22388
21987
32353
1872
19139
32712
29880
29219
15428
27028
17578
29303
14973
30109
17668
2321
9228
11077
2617
17716
28790
24017
31250
3295
14768
25864
28178
11465
21097
17296
4266
27677
29981
22280
24865
8181
22490
28132
2625
31384
12496
24332
30658
4724
30620
32564
22136
23770
28497
4089
27451
6268
17738
1217
27802
25510
20658
14671
19263
31295
16080
30249
5408
22399
14355
24234
24427
14190
18913
9445
25390
13344
8480
8000
14538
31410
24961
7117
24086
21507
9615
3431
29522
32050
29563
28305
23250
3036
12964
30222
10086
23058
28137
31040
1420
13852
28335
6209
2901
20977
31921
4035
6935
11889
20106
19624
17624
32360
30468
7520
21109
15683
23326
7430
27286
30096
31967
13370
30290
29495
9949
19388
13729
23930
17548
3277
11909
29870
29511
19270
25336
28599
6176
30069
31124
13637
1640
9659
17668
27856
765
12774
22062
9044
12374
21583
1310
32716
12112
19123
7345
17264
182
1746
5382
4527
29585
19657
2212
15340
11317
23344
20587
3320
4104
30963
29244
20562
8721
1265
20072
4384
7236
25430
14297
19692
20880
25785
25346
5664
9380
756
22408
25152
8069
4039
20653
32745
30673
12588
14465
28813
3024
18296
10695
8684
9280
6454
9384
17233
1757
24771
25114
12946
9650
6057
29198
15557
30498
7100
4188
11970
17077
2550
23663
29021
28324
27411
24496
11616
6691
3565
3763
13130
4208
11157
12580
8906
24736
12597
23664
3578
9764
19368
27955
5212
19998
4310
11108
12693
25958
25297
1346
15339
15194
26801
3325
20096
25961
14639
9509
6988
28511
4868
2003
24796
17518
16127
5273
32716
7424
30697
4395
27653
32063
29721
18634
30135
4192
27861
13940
9749
27827
16239
9677
11220
3180
1052
30411
4961
1839
13971
28709
18149
22621
19562
19577
4601
15904
21807
28224
9513
32056
73
26226
21802
5508
9357
14840
4571
13136
9631
4566
20734
26977
21263
16917
26803
32705
7471
21361
5560
25419
15286
31687
10594
501
8726
12605
7002
8160
23965
17455
31512
28961
14669
11228
32033
1101
17276
29141
8192
18887
4396
26657
9478
17353
23336
5681
22721
11059
20707
2183
26429
5398
15632
28452
14333
25856
22528
14006
3511
6149
25536
2174
26067
13458
28142
23811
21410
27377
21343
3448
21342
12955
24947
4078
20710
28737
12595
19002
24118
28825
6191
10148
21928
17385
19226
23892
25580
18004
3618
2429
13768
24807
3856
6470
17809
20323
17700
8573
1125
30408
29358
5627
23341
6310
9324
3029
16214
28451
19111
29255
22346
32203
18444
28257
27313
8987
4683
17775
6761
14027
16497
553
7237
16607
8966
16543
30345
5484
16870
19683
30498
24875
23520
115
25253
29375
17424
2669
5902
19654
14588
3698
7733
19617
4465
18005
27663
29187
23323
4748
17578
4924
18151
9555
1510
2627
32537
13473
20724
9861
17196
24268
20368
28528
25965
11771
4350
958
1622
26191
15046
8578
10667
2769
2351
8948
342
17690
23420
31740
2563
7108
18409
1151
21883
9107
29539
7021
7874
5987
10507
28295
1007
721
28009
29425
462
27561
2416
23163
3382
9747
18742
4527
26155
16252
27247
4762
180
11334
30382
6235
8059
9262
1372
32621
31782
22913
8564
24244
6520
30462
20228
9545
6950
4234
27748
18693
16250
29334
27443
20943
22186
31824
7446
19878
21493
28813
4143
31085
21635
26993
14175
10873
14330
23268
23100
17628
9951
20404
2257
19056
8883
19850
3864
20130
31690
2958
9272
23300
