19035
16549
18955
12179
12032
19907
31769
20582
10647
22466
12624
15394
12648
16734
16221
13387
10197
16697
6245
25678
16203
7253
31187
30304
25828
3151
15328
6678
6364
19804
3555
22724
25018
4101
11102
21399
17978
19106
21956
18290
31229
9880
7947
29321
10479
1362
20726
14270
3452
22784
32032
7102
15730
19730
455
30683
22964
31347
3934
32424
3236
9094
31441
28246
846
13281
26774
3281
19797
32716
7288
18842
20382
32632
31266
8547
13758
511
622
8044
3620
5151
22891
6304
32006
5814
8496
31854
12812
16637
13668
22376
3263
2692
5001
25502
7088
14577
31755
17080
25192
3448
6156
15830
4627
19993
12269
10024
8427
9885
16028
14668
27750
7502
28064
4203
21022
6009
17893
6418
27524
10661
8520
4304
22597
12176
10466
29845
17272
26605
27669
30917
3980
4064
23640
26399
21748
14901
14786
32337
8079
24164
15448
12119
5849
23365
1558
21655
31956
27027
10687
16062
12212
14882
21092
13144
6733
15328
22454
14642
16189
17805
19213
20079
19161
7994
18740
25708
22488
10115
7419
15701
21185
4236
32378
1924
10262
28860
31525
21149
10558
9020
21140
14954
21555
13358
21520
25463
27120
21677
2269
9581
32664
4745
14154
32559
30310
20415
2681
12470
1624
13754
27374
5805
18331
8268
21466
9164
26293
15467
12581
5108
28532
22188
4670
13583
23194
5504
15778
24998
19013
6960
28973
2367
8480
19353
23331
25212
24652
12712
6142
8948
30732
16532
16629
22736
30515
27870
22353
16934
17741
22794
6255
15893
21392
4634
1684
13221
28801
6095
12915
2651
10854
11423
4480
4255
27759
10613
27891
27599
17059
20779
13723
28191
28811
24520
18535
28215
18081
20857
28597
31882
25207
7505
11610
4727
17832
24512
6510
5922
28543
12501
25052
22033
25961
8755
13997
17286
22043
8404
12047
10911
17282
13953
29480
8494
24431
26381
13981
23897
1791
9557
20448
18673
2251
7159
30781
28307
8660
17877
164
7297
23853
4680
1844
22846
16998
4388
31116
1515
