18665
26586
20862
4241
15527
18336
19741
4541
29824
19994
17574
324
7610
5684
21317
8623
3064
23292
8129
24998
7583
15045
24114
24825
2540
286
12671
14957
29906
9079
10398
7750
25748
23692
21387
2456
29991
4760
11269
9806
25925
29755
19979
8183
22865
30759
15386
31060
28654
11150
11043
11938
1117
31564
4686
12456
15002
25555
31345
1151
12598
13274
18767
5156
29939
19909
1169
31679
4641
5075
18565
24496
24507
27402
28312
5983
24641
226
8084
14528
21587
16308
19866
20648
23314
7648
20959
21459
15414
13249
10790
5297
14319
17490
4609
18932
30845
9373
29639
29147
398
11751
27988
7739
14683
9885
25731
30034
26497
19965
26477
29515
17824
30340
21598
14481
32181
23322
1435
28884
12855
6912
31958
7900
27636
2165
19053
22800
2474
13867
11367
17093
3429
28525
8492
20040
25500
1805
27142
5034
9
10511
14683
18510
27724
6934
2215
9011
9278
6034
21052
14850
23574
12199
10937
8919
3134
24540
30284
26319
24307
17288
13735
4438
23455
4861
9923
26669
27638
22641
13655
6206
5842
1968
30487
25376
3279
25732
12205
6504
25254
25568
6264
28085
5450
29647
26631
27770
13252
22047
21844
9354
19151
31180
4800
19557
28211
32558
31954
28740
31714
21218
30896
29926
29908
2938
15961
31512
1954
30180
2728
28679
10468
31899
29961
22086
21836
21903
25848
5021
22911
8917
25406
20375
15287
29198
17131
11978
8986
18073
24082
30436
22743
6776
25159
26490
16134
515
26841
21392
22845
24143
22223
18408
17137
