9
72
73
115
164
178
180
182
216
224
226
257
286
324
342
363
368
398
428
442
455
462
466
501
511
515
553
622
721
728
756
765
769
846
958
1007
1052
1101
1108
1117
1125
1151
1151
1169
1188
1217
1265
1310
1346
1362
1372
1420
1435
1510
1515
1558
1592
1622
1624
1640
1684
1746
1757
1791
1805
1839
1844
1872
1924
1954
1968
2003
2016
2115
2152
2165
2174
2183
2212
2215
2251
2257
2269
2321
2321
2351
2367
2416
2429
2456
2474
2540
2550
2563
2617
2625
2627
2651
2669
2681
2692
2728
2769
2840
2865
2901
2938
2958
3024
3029
3036
3064
3074
3121
3134
3151
3180
3236
3263
3277
3279
3281
3295
3320
3325
3382
3429
3431
3448
3448
3452
3511
3555
3565
3578
3618
3619
3620
3698
3753
3763
3773
3824
3856
3864
3926
3934
3966
3980
4035
4039
4060
4064
4078
4089
4101
4104
4143
4188
4192
4203
4208
4234
4236
4241
4255
4266
4304
4310
4350
4369
4384
4388
4395
4396
4438
4465
4480
4527
4527
4541
4566
4571
4601
4605
4609
4627
4634
4641
4670
4680
4683
4686
4724
4727
4745
4748
4760
4762
4800
4805
4861
4868
4924
4961
5001
5021
5034
5075
5108
5151
5156
5212
5273
5294
5297
5317
5342
5382
5398
5408
5450
5484
5504
5508
5550
5560
5627
5664
5681
5684
5805
5814
5842
5849
5902
5922
5983
5987
6009
6034
6057
6095
6142
6149
6156
6176
6191
6206
6209
6235
6245
6255
6264
6268
6297
6304
6310
6332
6364
6392
6418
6454
6470
6494
6498
6504
6508
6510
6520
6542
6678
6691
6733
6735
6755
6761
6776
6912
6934
6935
6950
6960
6988
6992
7002
7021
7038
7073
7088
7100
7102
7108
7117
7146
7159
7162
7198
7236
7237
7250
7253
7288
7297
7319
7345
7360
7419
7424
7430
7442
7446
7471
7502
7505
7520
7581
7583
7600
7610
7648
7733
7739
7750
7772
7824
7874
7900
7947
7994
8000
8044
8059
8069
8079
8084
8088
8129
8160
8181
8183
8192
8230
8268
8391
8403
8404
8427
8434
8474
8476
8480
8480
8492
8494
8496
8520
8547
8548
8564
8573
8578
8612
8623
8660
8672
8684
8702
8721
8726
8752
8755
8792
8863
8883
8906
8915
8917
8919
8948
8948
8966
8986
8987
9011
9020
9044
9079
9094
9107
9164
9228
9262
9272
9278
9280
9300
9324
9347
9354
9357
9373
9380
9384
9387
9445
9478
9482
9509
9513
9545
9555
9557
9581
9595
9615
9631
9650
9659
9677
9747
9749
9764
9806
9861
9880
9885
9885
9907
9923
9949
9951
10024
10045
10086
10103
10115
10148
10197
10262
10398
10466
10468
10477
10479
10507
10511
10558
10574
10594
10613
10647
10661
10667
10687
10695
10711
10790
10834
10849
10854
10873
10911
10937
10984
11043
11059
11077
11102
11108
11112
11150
11157
11220
11228
11244
11269
11317
11334
11367
11423
11430
11431
11465
11484
11610
11616
11635
11679
11751
11771
11889
11909
11912
11938
11970
11978
12032
12047
12064
12112
12119
12176
12179
12199
12205
12212
12261
12266
12269
12374
12456
12470
12496
12501
12580
12581
12588
12595
12597
12598
12605
12624
12648
12671
12693
12702
12712
12719
12758
12774
12812
12855
12868
12915
12946
12955
12964
12989
13050
13109
13110
13130
13136
13144
13221
13249
13252
13273
13274
13281
13344
13358
13370
13387
13458
13472
13473
13583
13637
13641
13655
13668
13723
13729
13735
13754
13758
13768
13841
13852
13867
13878
13935
13940
13953
13971
13981
13997
14006
14027
14154
14175
14190
14270
14286
14297
14319
14330
14333
14355
14396
14430
14465
14481
14489
14510
14528
14538
14577
14588
14607
14611
14639
14642
14668
14669
14671
14683
14683
14768
14786
14822
14839
14840
14844
14850
14882
14901
14954
14957
14973
15002
15045
15046
15168
15194
15209
15286
15287
15328
15328
15339
15340
15386
15394
15414
15428
15447
15448
15467
15527
15552
15557
15561
15595
15632
15683
15701
15730
15778
15830
15893
15896
15904
15961
16011
16028
16062
16080
16100
16106
16127
16134
16137
16167
16189
16203
16214
16221
16230
16239
16250
16252
16308
16384
16497
16532
16543
16549
16562
16607
16629
16637
16697
16734
16870
16917
16934
16987
16998
17059
17077
17080
17090
17093
17131
17137
17196
17215
17220
17233
17264
17272
17276
17282
17284
17286
17288
17296
17330
17353
17379
17385
17424
17455
17490
17504
17518
17526
17548
17574
17574
17578
17578
17599
17624
17628
17668
17668
17690
17700
17714
17716
17738
17741
17775
17805
17809
17824
17832
17877
17893
17904
17978
18004
18005
18073
18081
18149
18151
18173
18183
18226
18290
18296
18307
18329
18331
18336
18353
18391
18408
18409
18444
18510
18535
18562
18565
18618
18632
18634
18638
18644
18665
18673
18683
18693
18740
18742
18767
18842
18887
18913
18932
18955
18994
19002
19012
19013
19035
19044
19053
19056
19106
19111
19123
19139
19151
19161
19213
19226
19263
19270
19296
19351
19353
19368
19388
19396
19557
19562
19577
19617
19624
19654
19657
19683
19692
19729
19730
19741
19797
19804
19850
19866
19878
19907
19909
19965
19979
19993
19994
19998
20040
20072
20072
20079
20096
20106
20130
20170
20228
20323
20368
20375
20382
20404
20415
20448
20514
20562
20582
20587
20648
20653
20658
20707
20710
20724
20726
20734
20779
20857
20862
20880
20943
20959
20977
21022
21033
21052
21092
21097
21109
21140
21149
21185
21191
21218
21263
21317
21337
21342
21343
21361
21387
21392
21392
21399
21410
21459
21466
21493
21507
21520
21555
21583
21587
21598
21635
21655
21660
21677
21695
21748
21802
21807
21836
21844
21883
21903
21928
21956
21965
21987
21994
22025
22033
22038
22043
22047
22062
22086
22136
22186
22188
22223
22280
22346
22353
22376
22388
22399
22408
22418
22454
22466
22488
22490
22528
22597
22621
22641
22687
22721
22724
22736
22743
22754
22784
22794
22800
22845
22846
22865
22884
22891
22911
22913
22964
23008
23058
23100
23163
23194
23250
23268
23284
23292
23300
23314
23322
23323
23326
23331
23336
23341
23344
23365
23420
23455
23456
23520
23574
23581
23640
23663
23664
23672
23692
23770
23796
23801
23811
23853
23892
23897
23930
23963
23965
24017
24082
24086
24114
24118
24143
24164
24234
24240
24244
24268
24307
24332
24345
24353
24427
24431
24496
24496
24507
24512
24520
24540
24641
24652
24736
24771
24789
24796
24807
24821
24825
24865
24875
24947
24961
24974
24998
24998
25018
25031
25052
25114
25152
25159
25192
25207
25212
25253
25254
25297
25336
25346
25376
25390
25406
25417
25419
25430
25463
25500
25502
25510
25536
25555
25568
25580
25601
25678
25708
25710
25731
25732
25748
25748
25785
25792
25828
25848
25856
25864
25925
25926
25958
25961
25961
25965
25990
26067
26110
26155
26171
26191
26195
26226
26293
26319
26381
26389
26399
26429
26477
26490
26497
26566
26586
26605
26631
26654
26657
26669
26669
26679
26774
26801
26803
26841
26977
26993
27027
27028
27069
27120
27142
27247
27286
27313
27318
27374
27377
27402
27411
27443
27451
27524
27561
27572
27587
27599
27636
27638
27653
27654
27663
27669
27677
27719
27724
27728
27748
27750
27759
27770
27802
27827
27856
27861
27870
27891
27955
27988
28009
28064
28085
28114
28132
28137
28142
28171
28178
28191
28195
28211
28215
28224
28246
28257
28295
28305
28307
28312
28324
28335
28451
28452
28497
28511
28525
28528
28532
28543
28597
28599
28654
28679
28680
28692
28709
28737
28740
28743
28790
28801
28811
28813
28813
28825
28860
28876
28884
28961
28973
28985
29021
29044
29090
29141
29147
29187
29198
29198
29219
29244
29255
29303
29321
29334
29358
29375
29425
29452
29480
29495
29511
29515
29522
29539
29563
29581
29585
29599
29639
29647
29721
29748
29755
29824
29838
29845
29870
29880
29906
29908
29926
29939
29961
29981
29991
30015
30034
30069
30093
30096
30096
30109
30135
30180
30222
30249
30255
30284
30290
30304
30310
30335
30340
30345
30382
30408
30411
30417
30436
30462
30468
30487
30498
30498
30515
30540
30620
30658
30673
30683
30697
30719
30732
30747
30759
30781
30845
30896
30917
30963
31040
31060
31085
31116
31123
31124
31180
31187
31229
31250
31266
31295
31345
31347
31384
31410
31441
31512
31512
31525
31545
31564
31679
31687
31690
31714
31740
31755
31769
31782
31824
31854
31882
31899
31921
31954
31956
31958
31967
31977
32006
32022
32032
32033
32035
32050
32056
32063
32126
32161
32181
32203
32337
32353
32360
32378
32403
32424
32537
32558
32559
32564
32621
32630
32632
32664
32705
32712
32716
32716
32716
32745
