18421
15394
1613
23570
14240
29931
8572
32160
12911
20253
453
18901
27582
18047
13106
17925
7166
3063
25405
25373
24885
4602
3414
11365
17541
19902
11084
24933
27156
6174
2991
27365
12797
10174
1631
8420
12449
25108
17107
28038
10675
26444
1251
5554
5553
15013
29798
7565
23951
8064
18952
738
24918
8690
18702
24623
20751
319
32526
7826
16258
13982
25966
27127
156
20544
21710
22882
27471
21392
25715
24235
20399
11567
1579
11801
16899
9
9270
31227
1370
31157
3167
21166
18727
30686
26831
8966
1155
2380
5293
9943
15253
25086
12707
1405
11367
22709
10966
8374
19060
13839
23791
5444
29438
10203
24810
19484
30271
30433
27711
27343
24797
3225
18390
26159
26459
25632
10212
9151
1617
31726
6079
15887
32277
15247
28963
25545
29375
32518
6485
29668
9396
18229
14674
32692
18046
7600
12388
6630
28187
23708
23333
11483
1362
8007
16717
25828
27246
9791
19485
18185
17386
4118
24806
23104
20450
12458
15915
10077
7256
2283
18801
19260
31684
16127
3196
15885
8852
22027
4527
7140
13245
1354
3134
23700
22077
25313
32262
32337
11306
12477
4549
28081
13248
18465
4690
29937
14915
24184
26038
25832
3327
3190
14076
30901
24030
22138
4654
25360
29661
30279
992
2133
12517
25542
7469
6168
6163
12008
18804
6864
29884
15433
32485
6031
26317
25793
22811
7410
3905
16607
11865
1725
11821
18281
5296
27876
15932
30729
17002
4120
18941
13555
29137
5079
12032
25659
11233
494
26366
22172
15904
27126
28024
6648
18220
26594
23658
25582
28057
32525
20539
7901
2965
11538
14086
12989
24182
14473
23572
27980
25899
13908
8176
2736
21401
16157
15673
16959
29373
7206
18015
13621
32026
31547
12946
24285
9241
11664
4060
30500
32233
9006
15707
24265
5315
15444
23163
1537
18661
27873
26696
4892
12419
9822
13553
28256
15611
21616
22125
18084
1216
7263
28630
1371
18908
22877
4554
2814
23222
5939
13351
11763
30692
26526
2348
270
31616
18727
20160
23552
22857
9239
3559
24994
10162
25700
11970
32217
26759
12533
29145
9431
28485
16631
13917
24455
15969
9564
5966
15872
15051
7453
5327
17271
1426
32736
32401
16124
25215
20537
4478
2727
2039
11381
22464
18373
11937
9631
16620
4090
15099
21392
24935
24024
27091
19593
29590
16556
14845
18766
17777
18084
26607
13292
4293
16782
32594
3873
27969
28293
2237
26391
19224
27120
12698
10099
6366
21380
22337
4111
9196
30637
9700
18943
19874
27085
15511
4951
29598
11479
5869
30600
19675
29459
4799
4696
9608
24922
206
12709
21
4987
4546
6092
3718
16159
15080
3831
12600
223
32591
26747
4845
21341
7958
12358
2266
26692
6726
10263
7437
30520
6879
17932
3484
14142
2613
28332
32444
15821
2183
3499
6627
10448
9074
17469
13680
8636
25078
13183
4400
5224
2484
17858
4469
23673
12796
28254
31454
14776
9054
14981
6447
9213
32486
24471
20748
10519
18282
8390
23678
3565
3046
26962
21278
4072
7786
30180
9506
30679
726
3563
3048
25093
32105
7587
22897
12505
19256
3501
1232
4463
18566
445
28225
2990
3915
23158
16890
17707
18139
31814
1755
26582
22007
30870
24922
4081
17341
30482
32103
21410
77
26754
3356
19366
17121
31143
27196
12717
3182
25978
27266
9719
22074
10794
19670
5435
12732
29396
1164
8295
28190
13760
6073
19072
24606
6780
282
30933
5020
6267
31238
17949
20523
632
14249
25617
25870
11959
3474
18577
20009
7932
32539
7208
23899
12993
17849
10967
15559
20080
23116
26525
20981
1310
8726
4986
2733
11314
24230
9678
10768
9648
27070
3674
1583
15472
5626
29391
4877
32338
4878
11925
27861
29318
28237
13881
51
24607
20658
5767
17236
167
29174
30463
12031
12795
4728
11171
32660
212
1791
31975
21079
11029
16089
19018
24836
29393
21300
8193
26402
1498
30608
14950
16042
15235
27694
6400
5371
14101
32409
9228
12010
23716
17384
32099
3285
11484
32160
28850
21775
32763
29968
17872
9067
25445
19483
8681
9454
14943
29964
7016
26226
2069
29270
18359
23792
26403
22694
13131
15745
15215
4730
19758
12642
21427
19627
13835
11299
19997
5854
28865
17375
9553
5765
7499
26232
3559
26154
32521
28704
30230
20443
23957
2333
1207
12677
20181
10499
23139
17715
25816
32504
31347
24600
8612
21286
11676
32151
30899
24983
16129
412
476
13108
16524
26749
4748
29746
19100
3627
31174
3936
14881
9299
6310
4354
14978
19529
30690
24432
27025
680
2160
6332
9943
15520
27130
23873
31337
16068
27804
11638
20729
13386
12201
10984
13042
25043
10994
15209
17767
8568
31138
11953
15861
25465
23448
9007
10261
16822
27591
4557
21719
17062
19949
24243
22780
15107
30256
28875
26203
3468
5639
28144
19277
22979
12246
15072
32587
14191
31805
17741
2200
786
15211
13095
4814
26297
22849
28320
9460
25644
21517
32423
21725
5869
27477
24027
4502
23107
3405
26485
27892
25945
30023
10176
28308
22484
22608
3090
14331
25272
28171
20841
25265
32435
22022
20636
3071
12689
24797
4276
28382
25564
8946
4191
1452
5315
12933
2735
13972
27635
19403
13868
20628
31860
21864
23096
24919
29804
11138
8153
7076
26277
11152
16914
25757
8466
30407
10515
19448
21818
1754
9884
3757
23722
19393
3832
28758
26484
13734
32280
6986
20077
12550
19869
16312
324
17061
5916
28197
7089
21861
12037
7064
15440
31118
12893
17332
31821
23526
3900
20955
17050
23225
169
9469
5876
11465
7019
16713
24774
12685
19624
26039
28768
22383
24768
4553
32664
30808
4858
14011
19
13110
16018
8849
9648
3093
22982
5778
5377
9880
30867
21303
24705
23346
29413
25149
13444
981
13673
14830
24732
31022
1279
15756
2937
20957
24614
4279
1041
11817
11524
6072
24013
27807
32264
26217
14306
10807
15533
22957
14855
31771
31977
19764
12911
14382
11464
13024
16041
9694
18895
2474
21360
12972
23558
24299
14999
15958
22493
8739
18064
27895
31041
22328
29581
26344
18748
22939
31117
24235
26535
21550
13655
15789
1225
1204
30128
4884
18576
11395
4943
23641
2600
4698
32616
13439
20531
8753
4843
20895
21377
5776
27260
19559
19074
16970
25513
18827
6497
26532
31869
9131
20026
32597
32387
8354
2190
18430
13016
9595
21501
18976
21516
11252
22689
30715
14272
21847
5922
32241
3476
5661
7008
5285
558
26128
26144
7023
26875
919
30188
9031
25088
16347
30688
20056
13686
5515
505
10409
4284
23580
25487
5056
25430
19119
21589
21571
11350
7836
23434
24347
13878
12290
5675
15255
4248
7878
8195
30705
7458
31137
23225
19400
22027
9358
4153
16295
3031
11955
15612
29498
7407
18686
23974
24811
4797
28312
4141
16862
1826
8363
30541
7838
29888
12957
6970
7980
21628
17086
7449
5503
6586
24180
26291
17334
6905
3924
6606
22693
1830
28615
14712
11480
20196
9581
16114
12735
6166
9774
14441
17628
29492
212
11279
11397
583
18247
24501
6371
7227
5770
29486
4863
27806
12249
10749
15927
11672
8300
22537
32683
306
10674
9835
4092
4797
4991
10512
7754
14200
24131
9623
4183
29293
9127
20497
17779
11865
4258
22643
14001
23187
17219
11962
21118
11290
7066
15547
21207
22417
14112
28524
28740
23636
20601
27764
1849
24674
24716
26086
3741
13361
8131
23739
6878
8773
7675
32358
12789
2711
28272
9317
13542
1168
21150
17765
10525
19850
22104
28877
17135
9898
6342
15383
26388
1095
1604
13816
27889
385
22892
30306
18369
1315
5724
5659
2897
7802
14355
5128
22037
18664
17108
6835
732
27165
28373
10095
4390
30643
10282
3352
23169
8922
21616
13264
25879
3854
13138
7632
25657
4538
7973
25194
16765
10761
27072
23716
28115
25680
4527
6203
924
18700
3452
1879
1140
31640
25251
6435
27740
27236
7545
5620
4815
10538
22217
28707
11187
16518
22504
4245
249
5067
15580
24298
12761
26864
983
17835
5149
14168
15828
19227
1363
19937
16926
25958
25460
3209
11699
768
20918
10328
24112
27467
11609
1872
24435
9481
11296
8778
22468
22951
13139
17111
2534
2924
8042
16704
11074
10900
1980
29996
25588
30736
11938
26978
32318
25560
15499
3090
19603
30314
19462
18527
13103
11560
26715
23941
2268
26339
25967
9577
27910
16829
11053
23084
17477
13812
21419
7412
3377
16933
25361
11032
4210
18812
9223
31813
28681
32302
23447
16912
23743
18920
23322
11646
18668
17863
22102
31237
7174
30625
16583
25916
1099
10
24194
30346
8163
18150
616
6381
12452
4835
4995
21672
10557
912
682
8585
23553
6489
19574
1525
19795
21099
11418
22293
21835
3427
8336
10266
29070
25536
8379
2701
31289
26406
18353
2598
25497
571
19507
28277
7182
1032
32330
25419
32573
8663
31473
16793
19630
28880
16813
5824
27084
2299
23556
12578
2342
19967
26655
96
27046
27313
18658
13654
32352
5392
11024
26791
19245
17561
19610
22590
32164
27370
21204
2451
23262
488
865
12864
23202
6685
4630
2324
21567
13579
2747
16270
9462
18639
17965
27307
9152
12369
26919
22749
27861
25697
17962
9059
28236
2541
30367
29688
31333
11136
872
28847
6815
5236
32312
15159
20643
12359
11674
4810
27227
14242
8529
7542
32592
672
13621
23127
15400
4417
4027
23793
8298
20600
21176
23564
16274
18801
15499
27319
25706
17521
30162
482
23457
29760
21522
6495
19656
10981
25740
20944
23074
13157
29818
14530
6778
27216
251
6413
20711
11845
983
16965
32144
13734
24306
14427
10880
1085
26457
20276
9787
8483
16276
12747
12116
31894
32532
9814
7931
16753
551
5797
26597
15044
21138
16460
1919
18917
32250
636
26442
22987
31529
3017
1992
4118
13448
917
20315
7357
24822
27005
21706
27205
7053
31919
1422
1981
15509
10505
16639
25570
19761
8943
10107
21806
1943
8081
15964
21974
3249
27467
10223
31584
30911
27090
6719
18826
11878
24830
4083
18757
28347
4074
1533
20085
10628
25342
27094
9798
1176
19296
14259
4261
32065
27536
3106
16952
14288
27498
22984
30443
6733
29825
32584
4504
26560
12110
24522
4496
9949
16146
27692
1233
27237
25554
17833
9382
15918
25888
16511
3166
14998
31332
28602
27017
22570
27783
19745
25763
17878
5460
5148
29643
16232
27953
29073
16886
14474
14175
29246
3388
6913
10743
27333
27165
14245
24896
2659
14441
20772
13820
31854
30676
17740
7814
9071
31138
22579
20341
17303
13931
31214
21891
24904
30235
3485
23864
17884
3499
31391
5112
19347
17077
9332
25110
18019
23375
31875
10776
11779
2603
17659
24951
29699
14709
1926
6496
8430
12379
28737
25939
20295
24714
20011
13133
13947
3249
26171
21350
29169
12590
24703
26354
28117
1936
8946
3978
24131
8329
8403
11597
15444
24552
14927
30406
29482
9242
1056
5657
1018
15825
5212
17160
26829
6013
26032
19180
2553
26830
24091
5118
23452
7963
21197
19863
13936
8104
6725
606
14242
4069
21512
8600
20843
1987
25774
10389
32719
15699
15793
25186
15026
10745
15582
24424
18274
16844
31279
26310
2665
13825
11484
26970
22516
31733
12446
7813
998
4610
7652
10309
505
19332
32377
222
16684
25897
15104
16413
24794
25452
32300
6355
26470
5972
11800
18765
2996
3551
32376
6160
844
11846
15864
12861
8080
31752
5211
6683
7767
6386
631
32052
5152
31199
24700
17676
21021
13636
14721
323
2799
7622
29260
7336
31074
27133
571
4110
19570
6122
19493
23175
29625
17346
19153
11891
13775
29535
5283
513
17609
3175
30473
8262
6559
18436
17534
25903
17788
27712
9413
13161
21848
19634
5830
18581
24139
24422
22610
14602
489
3191
10118
9593
23005
26456
26601
10020
1262
20412
7418
8818
5108
18775
12052
4026
7489
15574
16682
1533
31996
23870
20257
9531
6754
26681
20418
32303
23950
23750
32042
29740
17492
5645
30090
5131
4370
24754
1098
17988
22644
21494
32071
26273
6704
1233
29296
25075
17818
10799
17732
19477
5834
740
27828
21979
20564
22909
22236
12870
25971
7189
17460
31709
7142
16846
2384
8664
6283
1950
15385
20212
6117
25062
27978
15924
29156
24735
13348
26375
11355
16551
14953
29004
664
28672
25216
4986
26035
29193
2627
4687
9554
27983
8788
5860
5901
5023
31441
22295
23757
27085
23577
17717
23365
23972
27519
2493
11200
29813
24105
31905
31705
15831
6236
26837
19101
11209
15449
10639
2272
31092
2099
28371
1830
31337
10747
27329
26593
600
2839
20516
9849
32497
13164
8585
31017
6905
7321
22370
6431
26022
14446
43
18034
17604
30535
12077
20993
29388
3152
13679
24387
27475
23671
10553
14907
15628
32557
13954
12059
23357
11432
4108
13347
10258
3844
32762
16583
6345
31723
14752
28644
4198
29126
15396
13013
25814
22165
5389
10451
4525
13204
5359
12870
19965
28425
25146
9794
28665
30405
12515
20003
14041
13804
20246
30284
20978
5084
29139
31681
29933
15687
18994
16167
21626
21683
26257
30255
15860
8418
4448
22213
30198
13421
6127
32418
5484
10813
23024
19324
1642
17450
27722
5878
18625
15203
15016
14868
14781
18794
7143
149
648
902
31487
14785
25097
23420
30245
18134
10447
889
20845
958
29597
1039
17657
24654
28536
338
24770
1674
2239
31538
17298
25732
19627
7041
25469
28497
2556
11272
2701
1068
12147
32367
27887
24742
30770
29147
858
21967
11011
10249
4540
31877
21927
32601
803
4125
11385
32138
3988
23420
25674
782
13421
1546
19428
9853
12451
31031
24894
25763
10808
30569
20630
27453
5510
19209
31499
18770
19608
26831
16622
27291
5188
7993
124
1772
6177
17570
2572
24049
12470
15454
2098
21721
13518
28374
32398
23341
13723
6503
26326
4902
21249
5451
14897
5293
17246
131
20549
14755
19332
6872
9453
245
7232
31519
21102
3514
29635
11115
20691
31789
18786
4249
22590
5846
24496
19980
6826
24261
13124
3422
15810
21433
28212
14796
11595
25385
27323
17597
13008
11582
5335
22447
25622
7096
11064
13308
10198
8363
32411
9215
1000
13550
20271
22117
21703
4066
32028
454
10310
26303
12147
19472
32752
5370
18080
26870
17673
7210
11115
19995
27690
3436
29313
7417
23075
702
16123
30100
1612
6304
29130
13486
25913
23351
10338
6006
28643
28191
1978
30230
25086
2989
18021
14379
19823
21397
529
28606
17130
15337
29935
15422
17936
5122
17008
1593
15388
10188
3911
19794
5855
11393
7640
4148
26925
21741
27531
4318
11897
10023
18627
9419
24012
16061
5220
26526
28987
32507
15939
30017
13524
5121
7771
1884
18544
24024
27639
22747
20696
20991
32002
16006
2519
9364
15348
27668
22117
16545
25154
32728
3311
27287
10305
8402
30996
21938
18187
30850
27439
32613
30812
5645
26529
11789
9393
734
31526
21095
10990
19096
29827
25784
4186
12552
14658
20570
2247
27960
20267
22347
9879
23514
26346
25274
30144
26119
3696
13301
19142
19426
4384
27286
22356
3530
4115
2531
15943
17779
12618
19267
21609
30847
32039
27118
19075
4883
3846
11251
6670
22691
1976
116
30827
4465
18291
8060
10567
14382
10708
16139
6863
24137
14616
11956
30058
13887
15527
10885
16715
23859
5558
10274
29259
25081
23847
32095
6881
22485
13304
13347
1884
28913
15192
24401
6956
2452
8366
7395
12560
13993
19432
12285
14594
24862
14032
16018
13963
865
3568
23801
730
32483
10620
27053
4625
19516
11809
17716
12632
24366
48
3585
16388
8156
28553
26424
24042
21323
8023
23738
27925
15226
1592
27586
26099
25299
24106
14789
27863
27248
2179
4466
28869
17106
8651
15191
10206
15209
18502
16772
862
25342
15089
24644
20957
8483
17539
6967
23789
27041
28555
22069
30696
30146
18075
17676
18331
19161
4896
25230
11702
11493
12941
30572
4228
29476
2642
14670
25256
17216
25635
4987
17926
25408
18164
6154
32523
21482
26091
24144
8084
20120
7152
21044
12023
2402
8834
10914
13465
30899
25831
7360
9443
27958
6414
5387
9790
25978
32191
24344
19171
20397
15093
23428
31932
27909
9227
29478
25713
27859
17588
19941
19285
5194
25389
26314
13684
987
19871
12820
3300
29918
24979
16476
5215
6110
6740
10966
4680
25553
30398
28538
21433
25929
20764
23294
10809
22041
19049
21392
25514
24428
32229
7534
29211
29986
22275
14720
12904
2898
24893
8120
14771
18873
23300
5938
10120
8059
26896
24090
8848
18364
9724
7661
27496
14997
11088
22102
19896
7318
26229
20358
7384
47
17900
9961
13144
10656
30852
28461
13574
16304
29939
7235
13834
29009
7782
1853
25551
18649
28965
29630
267
7627
22300
2955
30827
29973
32326
18694
28002
28310
987
24691
29722
7010
5228
6163
9130
14968
26429
30809
24806
27242
8171
19113
23687
18758
18541
7492
13556
12906
3479
2136
30131
25316
5252
12537
29824
18202
20639
7199
23882
22756
4095
2903
14361
19070
12934
13704
14062
27479
16939
13459
24015
3852
12781
29210
16723
22181
9750
15323
29481
13419
4827
8077
1479
10786
27436
20103
17996
25750
24670
23125
12629
5055
11788
27048
16402
4603
12829
11865
10417
18711
9473
6244
30497
21951
13793
9199
17000
4075
14732
15345
2080
3923
24847
15449
9213
23568
25666
31762
22281
21062
12722
27530
30999
30115
24470
4313
15033
2609
24413
8803
22001
4740
13753
19025
15095
24247
2752
7011
10270
27078
6962
4667
13504
686
16812
9015
5859
27576
7314
24251
27906
26628
10127
23284
29151
12728
23624
22624
22351
8972
13895
4773
24000
1922
15816
25542
13905
12849
20147
3566
14195
14030
19357
30761
9609
5625
18179
18999
14202
28914
27716
12863
6494
8324
30911
3196
26448
25739
1081
3358
25209
14983
20345
26800
7375
30649
22579
21865
4115
7601
8247
12157
26722
15132
30163
3523
16087
28709
10815
24645
586
6232
25013
24115
9585
31757
4893
1000
5339
25515
6310
22449
30053
29631
21143
2176
23979
16520
28106
9413
21413
18113
32062
17667
549
27633
21006
18239
6683
14166
6365
4183
24825
7621
6645
18482
29261
25105
30755
6868
31711
16442
27569
26680
25342
26103
29670
20359
29691
9496
27944
4951
924
20125
30451
6570
9664
666
10088
18883
20281
66
12582
29788
797
5409
24925
29783
11655
13437
15004
12678
12552
23158
6051
3138
29314
4032
21177
16424
10843
23750
9764
10790
26670
26125
7516
15176
14626
1239
31906
7444
15074
28286
25731
30782
32745
29306
19282
21359
25478
14564
12696
11318
22238
19561
15064
5422
11778
19673
23471
29257
18213
5505
29822
14947
29863
19887
17063
15693
19168
28590
11406
27975
29088
1045
18664
20621
9053
26714
11004
25462
1603
21142
12509
22103
12942
22464
9063
28996
1399
7018
337
4834
22874
18920
28743
26252
18186
16110
10105
10242
21234
25461
15515
10791
16399
13880
22408
23310
10524
11685
25378
30114
656
1925
31817
21724
3619
19479
9717
15810
22041
24151
32498
26651
31648
32311
2615
32283
31629
10475
31734
10425
