9
10
19
21
43
47
48
51
66
77
96
116
124
131
149
156
167
169
206
212
212
222
223
245
249
251
267
270
282
306
319
323
324
337
338
385
412
445
453
454
476
482
488
489
494
505
505
513
529
549
551
558
571
571
583
586
600
606
616
631
632
636
648
656
664
666
672
680
682
686
702
726
730
732
734
738
740
768
782
786
797
803
844
858
862
865
865
872
889
902
912
917
919
924
924
958
981
983
983
987
987
992
998
1000
1000
1018
1032
1039
1041
1045
1056
1068
1081
1085
1095
1098
1099
1140
1155
1164
1168
1176
1204
1207
1216
1225
1232
1233
1233
1239
1251
1262
1279
1310
1315
1354
1362
1363
1370
1371
1399
1405
1422
1426
1452
1479
1498
1525
1533
1533
1537
1546
1579
1583
1592
1593
1603
1604
1612
1613
1617
1631
1642
1674
1725
1754
1755
1772
1791
1826
1830
1830
1849
1853
1872
1879
1884
1884
1919
1922
1925
1926
1936
1943
1950
1976
1978
1980
1981
1987
1992
2039
2069
2080
2098
2099
2133
2136
2160
2176
2179
2183
2190
2200
2237
2239
2247
2266
2268
2272
2283
2299
2324
2333
2342
2348
2380
2384
2402
2451
2452
2474
2484
2493
2519
2531
2534
2541
2553
2556
2572
2598
2600
2603
2609
2613
2615
2627
2642
2659
2665
2701
2701
2711
2727
2733
2735
2736
2747
2752
2799
2814
2839
2897
2898
2903
2924
2937
2955
2965
2989
2990
2991
2996
3017
3031
3046
3048
3063
3071
3090
3090
3093
3106
3134
3138
3152
3166
3167
3175
3182
3190
3191
3196
3196
3209
3225
3249
3249
3285
3300
3311
3327
3352
3356
3358
3377
3388
3405
3414
3422
3427
3436
3452
3468
3474
3476
3479
3484
3485
3499
3499
3501
3514
3523
3530
3551
3559
3559
3563
3565
3566
3568
3585
3619
3627
3674
3696
3718
3741
3757
3831
3832
3844
3846
3852
3854
3873
3900
3905
3911
3915
3923
3924
3936
3978
3988
4026
4027
4032
4060
4066
4069
4072
4074
4075
4081
4083
4090
4092
4095
4108
4110
4111
4115
4115
4118
4118
4120
4125
4141
4148
4153
4183
4183
4186
4191
4198
4210
4228
4245
4248
4249
4258
4261
4276
4279
4284
4293
4313
4318
4354
4370
4384
4390
4400
4417
4448
4463
4465
4466
4469
4478
4496
4502
4504
4525
4527
4527
4538
4540
4546
4549
4553
4554
4557
4602
4603
4610
4625
4630
4654
4667
4680
4687
4690
4696
4698
4728
4730
4740
4748
4773
4797
4797
4799
4810
4814
4815
4827
4834
4835
4843
4845
4858
4863
4877
4878
4883
4884
4892
4893
4896
4902
4943
4951
4951
4986
4986
4987
4987
4991
4995
5020
5023
5055
5056
5067
5079
5084
5108
5112
5118
5121
5122
5128
5131
5148
5149
5152
5188
5194
5211
5212
5215
5220
5224
5228
5236
5252
5283
5285
5293
5293
5296
5315
5315
5327
5335
5339
5359
5370
5371
5377
5387
5389
5392
5409
5422
5435
5444
5451
5460
5484
5503
5505
5510
5515
5553
5554
5558
5620
5625
5626
5639
5645
5645
5657
5659
5661
5675
5724
5765
5767
5770
5776
5778
5797
5824
5830
5834
5846
5854
5855
5859
5860
5869
5869
5876
5878
5901
5916
5922
5938
5939
5966
5972
6006
6013
6031
6051
6072
6073
6079
6092
6110
6117
6122
6127
6154
6160
6163
6163
6166
6168
6174
6177
6203
6232
6236
6244
6267
6283
6304
6310
6310
6332
6342
6345
6355
6365
6366
6371
6381
6386
6400
6413
6414
6431
6435
6447
6485
6489
6494
6495
6496
6497
6503
6559
6570
6586
6606
6627
6630
6645
6648
6670
6683
6683
6685
6704
6719
6725
6726
6733
6740
6754
6778
6780
6815
6826
6835
6863
6864
6868
6872
6878
6879
6881
6905
6905
6913
6956
6962
6967
6970
6986
7008
7010
7011
7016
7018
7019
7023
7041
7053
7064
7066
7076
7089
7096
7140
7142
7143
7152
7166
7174
7182
7189
7199
7206
7208
7210
7227
7232
7235
7256
7263
7314
7318
7321
7336
7357
7360
7375
7384
7395
7407
7410
7412
7417
7418
7437
7444
7449
7453
7458
7469
7489
7492
7499
7516
7534
7542
7545
7565
7587
7600
7601
7621
7622
7627
7632
7640
7652
7661
7675
7754
7767
7771
7782
7786
7802
7813
7814
7826
7836
7838
7878
7901
7931
7932
7958
7963
7973
7980
7993
8007
8023
8042
8059
8060
8064
8077
8080
8081
8084
8104
8120
8131
8153
8156
8163
8171
8176
8193
8195
8247
8262
8295
8298
8300
8324
8329
8336
8354
8363
8363
8366
8374
8379
8390
8402
8403
8418
8420
8430
8466
8483
8483
8529
8568
8572
8585
8585
8600
8612
8636
8651
8663
8664
8681
8690
8726
8739
8753
8773
8778
8788
8803
8818
8834
8848
8849
8852
8922
8943
8946
8946
8966
8972
9006
9007
9015
9031
9053
9054
9059
9063
9067
9071
9074
9127
9130
9131
9151
9152
9196
9199
9213
9213
9215
9223
9227
9228
9239
9241
9242
9270
9299
9317
9332
9358
9364
9382
9393
9396
9413
9413
9419
9431
9443
9453
9454
9460
9462
9469
9473
9481
9496
9506
9531
9553
9554
9564
9577
9581
9585
9593
9595
9608
9609
9623
9631
9648
9648
9664
9678
9694
9700
9717
9719
9724
9750
9764
9774
9787
9790
9791
9794
9798
9814
9822
9835
9849
9853
9879
9880
9884
9898
9943
9943
9949
9961
10020
10023
10077
10088
10095
10099
10105
10107
10118
10120
10127
10162
10174
10176
10188
10198
10203
10206
10212
10223
10242
10249
10258
10261
10263
10266
10270
10274
10282
10305
10309
10310
10328
10338
10389
10409
10417
10425
10447
10448
10451
10475
10499
10505
10512
10515
10519
10524
10525
10538
10553
10557
10567
10620
10628
10639
10656
10674
10675
10708
10743
10745
10747
10749
10761
10768
10776
10786
10790
10791
10794
10799
10807
10808
10809
10813
10815
10843
10880
10885
10900
10914
10966
10966
10967
10981
10984
10990
10994
11004
11011
11024
11029
11032
11053
11064
11074
11084
11088
11115
11115
11136
11138
11152
11171
11187
11200
11209
11233
11251
11252
11272
11279
11290
11296
11299
11306
11314
11318
11350
11355
11365
11367
11381
11385
11393
11395
11397
11406
11418
11432
11464
11465
11479
11480
11483
11484
11484
11493
11524
11538
11560
11567
11582
11595
11597
11609
11638
11646
11655
11664
11672
11674
11676
11685
11699
11702
11763
11778
11779
11788
11789
11800
11801
11809
11817
11821
11845
11846
11865
11865
11865
11878
11891
11897
11925
11937
11938
11953
11955
11956
11959
11962
11970
12008
12010
12023
12031
12032
12037
12052
12059
12077
12110
12116
12147
12147
12157
12201
12246
12249
12285
12290
12358
12359
12369
12379
12388
12419
12446
12449
12451
12452
12458
12470
12477
12505
12509
12515
12517
12533
12537
12550
12552
12552
12560
12578
12582
12590
12600
12618
12629
12632
12642
12677
12678
12685
12689
12696
12698
12707
12709
12717
12722
12728
12732
12735
12747
12761
12781
12789
12795
12796
12797
12820
12829
12849
12861
12863
12864
12870
12870
12893
12904
12906
12911
12911
12933
12934
12941
12942
12946
12957
12972
12989
12993
13008
13013
13016
13024
13042
13095
13103
13106
13108
13110
13124
13131
13133
13138
13139
13144
13157
13161
13164
13183
13204
13245
13248
13264
13292
13301
13304
13308
13347
13347
13348
13351
13361
13386
13419
13421
13421
13437
13439
13444
13448
13459
13465
13486
13504
13518
13524
13542
13550
13553
13555
13556
13574
13579
13621
13621
13636
13654
13655
13673
13679
13680
13684
13686
13704
13723
13734
13734
13753
13760
13775
13793
13804
13812
13816
13820
13825
13834
13835
13839
13868
13878
13880
13881
13887
13895
13905
13908
13917
13931
13936
13947
13954
13963
13972
13982
13993
14001
14011
14030
14032
14041
14062
14076
14086
14101
14112
14142
14166
14168
14175
14191
14195
14200
14202
14240
14242
14242
14245
14249
14259
14272
14288
14306
14331
14355
14361
14379
14382
14382
14427
14441
14441
14446
14473
14474
14530
14564
14594
14602
14616
14626
14658
14670
14674
14709
14712
14720
14721
14732
14752
14755
14771
14776
14781
14785
14789
14796
14830
14845
14855
14868
14881
14897
14907
14915
14927
14943
14947
14950
14953
14968
14978
14981
14983
14997
14998
14999
15004
15013
15016
15026
15033
15044
15051
15064
15072
15074
15080
15089
15093
15095
15099
15104
15107
15132
15159
15176
15191
15192
15203
15209
15209
15211
15215
15226
15235
15247
15253
15255
15323
15337
15345
15348
15383
15385
15388
15394
15396
15400
15422
15433
15440
15444
15444
15449
15449
15454
15472
15499
15499
15509
15511
15515
15520
15527
15533
15547
15559
15574
15580
15582
15611
15612
15628
15673
15687
15693
15699
15707
15745
15756
15789
15793
15810
15810
15816
15821
15825
15828
15831
15860
15861
15864
15872
15885
15887
15904
15915
15918
15924
15927
15932
15939
15943
15958
15964
15969
16006
16018
16018
16041
16042
16061
16068
16087
16089
16110
16114
16123
16124
16127
16129
16139
16146
16157
16159
16167
16232
16258
16270
16274
16276
16295
16304
16312
16347
16388
16399
16402
16413
16424
16442
16460
16476
16511
16518
16520
16524
16545
16551
16556
16583
16583
16607
16620
16622
16631
16639
16682
16684
16704
16713
16715
16717
16723
16753
16765
16772
16782
16793
16812
16813
16822
16829
16844
16846
16862
16886
16890
16899
16912
16914
16926
16933
16939
16952
16959
16965
16970
17000
17002
17008
17050
17061
17062
17063
17077
17086
17106
17107
17108
17111
17121
17130
17135
17160
17216
17219
17236
17246
17271
17298
17303
17332
17334
17341
17346
17375
17384
17386
17450
17460
17469
17477
17492
17521
17534
17539
17541
17561
17570
17588
17597
17604
17609
17628
17657
17659
17667
17673
17676
17676
17707
17715
17716
17717
17732
17740
17741
17765
17767
17777
17779
17779
17788
17818
17833
17835
17849
17858
17863
17872
17878
17884
17900
17925
17926
17932
17936
17949
17962
17965
17988
17996
18015
18019
18021
18034
18046
18047
18064
18075
18080
18084
18084
18113
18134
18139
18150
18164
18179
18185
18186
18187
18202
18213
18220
18229
18239
18247
18274
18281
18282
18291
18331
18353
18359
18364
18369
18373
18390
18421
18430
18436
18465
18482
18502
18527
18541
18544
18566
18576
18577
18581
18625
18627
18639
18649
18658
18661
18664
18664
18668
18686
18694
18700
18702
18711
18727
18727
18748
18757
18758
18765
18766
18770
18775
18786
18794
18801
18801
18804
18812
18826
18827
18873
18883
18895
18901
18908
18917
18920
18920
18941
18943
18952
18976
18994
18999
19018
19025
19049
19060
19070
19072
19074
19075
19096
19100
19101
19113
19119
19142
19153
19161
19168
19171
19180
19209
19224
19227
19245
19256
19260
19267
19277
19282
19285
19296
19324
19332
19332
19347
19357
19366
19393
19400
19403
19426
19428
19432
19448
19462
19472
19477
19479
19483
19484
19485
19493
19507
19516
19529
19559
19561
19570
19574
19593
19603
19608
19610
19624
19627
19627
19630
19634
19656
19670
19673
19675
19745
19758
19761
19764
19794
19795
19823
19850
19863
19869
19871
19874
19887
19896
19902
19937
19941
19949
19965
19967
19980
19995
19997
20003
20009
20011
20026
20056
20077
20080
20085
20103
20120
20125
20147
20160
20181
20196
20212
20246
20253
20257
20267
20271
20276
20281
20295
20315
20341
20345
20358
20359
20397
20399
20412
20418
20443
20450
20497
20516
20523
20531
20537
20539
20544
20549
20564
20570
20600
20601
20621
20628
20630
20636
20639
20643
20658
20691
20696
20711
20729
20748
20751
20764
20772
20841
20843
20845
20895
20918
20944
20955
20957
20957
20978
20981
20991
20993
21006
21021
21044
21062
21079
21095
21099
21102
21118
21138
21142
21143
21150
21166
21176
21177
21197
21204
21207
21234
21249
21278
21286
21300
21303
21323
21341
21350
21359
21360
21377
21380
21392
21392
21392
21397
21401
21410
21413
21419
21427
21433
21433
21482
21494
21501
21512
21516
21517
21522
21550
21567
21571
21589
21609
21616
21616
21626
21628
21672
21683
21703
21706
21710
21719
21721
21724
21725
21741
21775
21806
21818
21835
21847
21848
21861
21864
21865
21891
21927
21938
21951
21967
21974
21979
22001
22007
22022
22027
22027
22037
22041
22041
22069
22074
22077
22102
22102
22103
22104
22117
22117
22125
22138
22165
22172
22181
22213
22217
22236
22238
22275
22281
22293
22295
22300
22328
22337
22347
22351
22356
22370
22383
22408
22417
22447
22449
22464
22464
22468
22484
22485
22493
22504
22516
22537
22570
22579
22579
22590
22590
22608
22610
22624
22643
22644
22689
22691
22693
22694
22709
22747
22749
22756
22780
22811
22849
22857
22874
22877
22882
22892
22897
22909
22939
22951
22957
22979
22982
22984
22987
23005
23024
23074
23075
23084
23096
23104
23107
23116
23125
23127
23139
23158
23158
23163
23169
23175
23187
23202
23222
23225
23225
23262
23284
23294
23300
23310
23322
23333
23341
23346
23351
23357
23365
23375
23420
23420
23428
23434
23447
23448
23452
23457
23471
23514
23526
23552
23553
23556
23558
23564
23568
23570
23572
23577
23580
23624
23636
23641
23658
23671
23673
23678
23687
23700
23708
23716
23716
23722
23738
23739
23743
23750
23750
23757
23789
23791
23792
23793
23801
23847
23859
23864
23870
23873
23882
23899
23941
23950
23951
23957
23972
23974
23979
24000
24012
24013
24015
24024
24024
24027
24030
24042
24049
24090
24091
24105
24106
24112
24115
24131
24131
24137
24139
24144
24151
24180
24182
24184
24194
24230
24235
24235
24243
24247
24251
24261
24265
24285
24298
24299
24306
24344
24347
24366
24387
24401
24413
24422
24424
24428
24432
24435
24455
24470
24471
24496
24501
24522
24552
24600
24606
24607
24614
24623
24644
24645
24654
24670
24674
24691
24700
24703
24705
24714
24716
24732
24735
24742
24754
24768
24770
24774
24794
24797
24797
24806
24806
24810
24811
24822
24825
24830
24836
24847
24862
24885
24893
24894
24896
24904
24918
24919
24922
24922
24925
24933
24935
24951
24979
24983
24994
25013
25043
25062
25075
25078
25081
25086
25086
25088
25093
25097
25105
25108
25110
25146
25149
25154
25186
25194
25209
25215
25216
25230
25251
25256
25265
25272
25274
25299
25313
25316
25342
25342
25342
25360
25361
25373
25378
25385
25389
25405
25408
25419
25430
25445
25452
25460
25461
25462
25465
25469
25478
25487
25497
25513
25514
25515
25536
25542
25542
25545
25551
25553
25554
25560
25564
25570
25582
25588
25617
25622
25632
25635
25644
25657
25659
25666
25674
25680
25697
25700
25706
25713
25715
25731
25732
25739
25740
25750
25757
25763
25763
25774
25784
25793
25814
25816
25828
25831
25832
25870
25879
25888
25897
25899
25903
25913
25916
25929
25939
25945
25958
25966
25967
25971
25978
25978
26022
26032
26035
26038
26039
26086
26091
26099
26103
26119
26125
26128
26144
26154
26159
26171
26203
26217
26226
26229
26232
26252
26257
26273
26277
26291
26297
26303
26310
26314
26317
26326
26339
26344
26346
26354
26366
26375
26388
26391
26402
26403
26406
26424
26429
26442
26444
26448
26456
26457
26459
26470
26484
26485
26525
26526
26526
26529
26532
26535
26560
26582
26593
26594
26597
26601
26607
26628
26651
26655
26670
26680
26681
26692
26696
26714
26715
26722
26747
26749
26754
26759
26791
26800
26829
26830
26831
26831
26837
26864
26870
26875
26896
26919
26925
26962
26970
26978
27005
27017
27025
27041
27046
27048
27053
27070
27072
27078
27084
27085
27085
27090
27091
27094
27118
27120
27126
27127
27130
27133
27156
27165
27165
27196
27205
27216
27227
27236
27237
27242
27246
27248
27260
27266
27286
27287
27291
27307
27313
27319
27323
27329
27333
27343
27365
27370
27436
27439
27453
27467
27467
27471
27475
27477
27479
27496
27498
27519
27530
27531
27536
27569
27576
27582
27586
27591
27633
27635
27639
27668
27690
27692
27694
27711
27712
27716
27722
27740
27764
27783
27804
27806
27807
27828
27859
27861
27861
27863
27873
27876
27887
27889
27892
27895
27906
27909
27910
27925
27944
27953
27958
27960
27969
27975
27978
27980
27983
28002
28024
28038
28057
28081
28106
28115
28117
28144
28171
28187
28190
28191
28197
28212
28225
28236
28237
28254
28256
28272
28277
28286
28293
28308
28310
28312
28320
28332
28347
28371
28373
28374
28382
28425
28461
28485
28497
28524
28536
28538
28553
28555
28590
28602
28606
28615
28630
28643
28644
28665
28672
28681
28704
28707
28709
28737
28740
28743
28758
28768
28847
28850
28865
28869
28875
28877
28880
28913
28914
28963
28965
28987
28996
29004
29009
29070
29073
29088
29126
29130
29137
29139
29145
29147
29151
29156
29169
29174
29193
29210
29211
29246
29257
29259
29260
29261
29270
29293
29296
29306
29313
29314
29318
29373
29375
29388
29391
29393
29396
29413
29438
29459
29476
29478
29481
29482
29486
29492
29498
29535
29581
29590
29597
29598
29625
29630
29631
29635
29643
29661
29668
29670
29688
29691
29699
29722
29740
29746
29760
29783
29788
29798
29804
29813
29818
29822
29824
29825
29827
29863
29884
29888
29918
29931
29933
29935
29937
29939
29964
29968
29973
29986
29996
30017
30023
30053
30058
30090
30100
30114
30115
30128
30131
30144
30146
30162
30163
30180
30188
30198
30230
30230
30235
30245
30255
30256
30271
30279
30284
30306
30314
30346
30367
30398
30405
30406
30407
30433
30443
30451
30463
30473
30482
30497
30500
30520
30535
30541
30569
30572
30600
30608
30625
30637
30643
30649
30676
30679
30686
30688
30690
30692
30696
30705
30715
30729
30736
30755
30761
30770
30782
30808
30809
30812
30827
30827
30847
30850
30852
30867
30870
30899
30899
30901
30911
30911
30933
30996
30999
31017
31022
31031
31041
31074
31092
31117
31118
31137
31138
31138
31143
31157
31174
31199
31214
31227
31237
31238
31279
31289
31332
31333
31337
31337
31347
31391
31441
31454
31473
31487
31499
31519
31526
31529
31538
31547
31584
31616
31629
31640
31648
31681
31684
31705
31709
31711
31723
31726
31733
31734
31752
31757
31762
31771
31789
31805
31813
31814
31817
31821
31854
31860
31869
31875
31877
31894
31905
31906
31919
31932
31975
31977
31996
32002
32026
32028
32039
32042
32052
32062
32065
32071
32095
32099
32103
32105
32138
32144
32151
32160
32160
32164
32191
32217
32229
32233
32241
32250
32262
32264
32277
32280
32283
32300
32302
32303
32311
32312
32318
32326
32330
32337
32338
32352
32358
32367
32376
32377
32387
32398
32401
32409
32411
32418
32423
32435
32444
32483
32485
32486
32497
32498
32504
32507
32518
32521
32523
32525
32526
32532
32539
32557
32573
32584
32587
32591
32592
32594
32597
32601
32613
32616
32660
32664
32683
32692
32719
32728
32736
32745
32752
32762
32763
9
10
19
21
43
47
48
51
66
77
96
116
124
131
149
156
167
169
206
212
212
222
223
245
249
251
267
270
282
306
319
323
324
337
338
385
412
445
453
454
476
482
488
489
494
505
505
513
529
549
551
558
571
571
583
586
600
606
616
631
632
636
648
656
664
666
672
680
682
686
702
726
730
732
734
738
740
768
782
786
797
803
844
858
862
865
865
872
889
902
912
917
919
924
924
958
981
983
983
987
987
992
998
1000
1000
1018
1032
1039
1041
1045
1056
1068
1081
1085
1095
1098
1099
1140
1155
1164
1168
1176
1204
1207
1216
1225
1232
1233
1233
1239
1251
1262
1279
1310
1315
1354
1362
1363
1370
1371
1399
1405
1422
1426
1452
1479
1498
1525
1533
1533
1537
1546
1579
1583
1592
1593
1603
1604
1612
1613
1617
1631
1642
1674
1725
1754
1755
1772
1791
1826
1830
1830
1849
1853
1872
1879
1884
1884
1919
1922
1925
1926
1936
1943
1950
1976
1978
1980
1981
1987
1992
2039
2069
2080
2098
2099
2133
2136
2160
2176
2179
2183
2190
2200
2237
2239
2247
2266
2268
2272
2283
2299
2324
2333
2342
2348
2380
2384
2402
2451
2452
2474
2484
2493
2519
2531
2534
2541
2553
2556
2572
2598
2600
2603
2609
2613
2615
2627
2642
2659
2665
2701
2701
2711
2727
2733
2735
2736
2747
2752
2799
2814
2839
2897
2898
2903
2924
2937
2955
2965
2989
2990
2991
2996
3017
3031
3046
3048
3063
3071
3090
3090
3093
3106
3134
3138
3152
3166
3167
3175
3182
3190
3191
3196
3196
3209
3225
3249
3249
3285
3300
3311
3327
3352
3356
3358
3377
3388
3405
3414
3422
3427
3436
3452
3468
3474
3476
3479
3484
3485
3499
3499
3501
3514
3523
3530
3551
3559
3559
3563
3565
3566
3568
3585
3619
3627
3674
3696
3718
3741
3757
3831
3832
3844
3846
3852
3854
3873
3900
3905
3911
3915
3923
3924
3936
3978
3988
4026
4027
4032
4060
4066
4069
4072
4074
4075
4081
4083
4090
4092
4095
4108
4110
4111
4115
4115
4118
4118
4120
4125
4141
4148
4153
4183
4183
4186
4191
4198
4210
4228
4245
4248
4249
4258
4261
4276
4279
4284
4293
4313
4318
4354
4370
4384
4390
4400
4417
4448
4463
4465
4466
4469
4478
4496
4502
4504
4525
4527
4527
4538
4540
4546
4549
4553
4554
4557
4602
4603
4610
4625
4630
4654
4667
4680
4687
4690
4696
4698
4728
4730
4740
4748
4773
4797
4797
4799
4810
4814
4815
4827
4834
4835
4843
4845
4858
4863
4877
4878
4883
4884
4892
4893
4896
4902
4943
4951
4951
4986
4986
4987
4987
4991
4995
5020
5023
5055
5056
5067
5079
5084
5108
5112
5118
5121
5122
5128
5131
5148
5149
5152
5188
5194
5211
5212
5215
5220
5224
5228
5236
5252
5283
5285
5293
5293
5296
5315
5315
5327
5335
5339
5359
5370
5371
5377
5387
5389
5392
5409
5422
5435
5444
5451
5460
5484
5503
5505
5510
5515
5553
5554
5558
5620
5625
5626
5639
5645
5645
5657
5659
5661
5675
5724
5765
5767
5770
5776
5778
5797
5824
5830
5834
5846
5854
5855
5859
5860
5869
5869
5876
5878
5901
5916
5922
5938
5939
5966
5972
6006
6013
6031
6051
6072
6073
6079
6092
6110
6117
6122
6127
6154
6160
6163
6163
6166
6168
6174
6177
6203
6232
6236
6244
6267
6283
6304
6310
6310
6332
6342
6345
6355
6365
6366
6371
6381
6386
6400
6413
6414
6431
6435
6447
6485
6489
6494
6495
6496
6497
6503
6559
6570
6586
6606
6627
6630
6645
6648
6670
6683
6683
6685
6704
6719
6725
6726
6733
6740
6754
6778
6780
6815
6826
6835
6863
6864
6868
6872
6878
6879
6881
6905
6905
6913
6956
6962
6967
6970
6986
7008
7010
7011
7016
7018
7019
7023
7041
7053
7064
7066
7076
7089
7096
7140
7142
7143
7152
7166
7174
7182
7189
7199
7206
7208
7210
7227
7232
7235
7256
7263
7314
7318
7321
7336
7357
7360
7375
7384
7395
7407
7410
7412
7417
7418
7437
7444
7449
7453
7458
7469
7489
7492
7499
7516
7534
7542
7545
7565
7587
7600
7601
7621
7622
7627
7632
7640
7652
7661
7675
7754
7767
7771
7782
7786
7802
7813
7814
7826
7836
7838
7878
7901
7931
7932
7958
7963
7973
7980
7993
8007
8023
8042
8059
8060
8064
8077
8080
8081
8084
8104
8120
8131
8153
8156
8163
8171
8176
8193
8195
8247
8262
8295
8298
8300
8324
8329
8336
8354
8363
8363
8366
8374
8379
8390
8402
8403
8418
8420
8430
8466
8483
8483
8529
8568
8572
8585
8585
8600
8612
8636
8651
8663
8664
8681
8690
8726
8739
8753
8773
8778
8788
8803
8818
8834
8848
8849
8852
8922
8943
8946
8946
8966
8972
9006
9007
9015
9031
9053
9054
9059
9063
9067
9071
9074
9127
9130
9131
9151
9152
9196
9199
9213
9213
9215
9223
9227
9228
9239
9241
9242
9270
9299
9317
9332
9358
9364
9382
9393
9396
9413
9413
9419
9431
9443
9453
9454
9460
9462
9469
9473
9481
9496
9506
9531
9553
9554
9564
9577
9581
9585
9593
9595
9608
9609
9623
9631
9648
9648
9664
9678
9694
9700
9717
9719
9724
9750
9764
9774
9787
9790
9791
9794
9798
9814
9822
9835
9849
9853
9879
9880
9884
9898
9943
9943
9949
9961
10020
10023
10077
10088
10095
10099
10105
10107
10118
10120
10127
10162
10174
10176
10188
10198
10203
10206
10212
10223
10242
10249
10258
10261
10263
10266
10270
10274
10282
10305
10309
10310
10328
10338
10389
10409
10417
10425
10447
10448
10451
10475
10499
10505
10512
10515
10519
10524
10525
10538
10553
10557
10567
10620
10628
10639
10656
10674
10675
10708
10743
10745
10747
10749
10761
10768
10776
10786
10790
10791
10794
10799
10807
10808
10809
10813
10815
10843
10880
10885
10900
10914
10966
10966
10967
10981
10984
10990
10994
11004
11011
11024
11029
11032
11053
11064
11074
11084
11088
11115
11115
11136
11138
11152
11171
11187
11200
11209
11233
11251
11252
11272
11279
11290
11296
11299
11306
11314
11318
11350
11355
11365
11367
11381
11385
11393
11395
11397
11406
11418
11432
11464
11465
11479
11480
11483
11484
11484
11493
11524
11538
11560
11567
11582
11595
11597
11609
11638
11646
11655
11664
11672
11674
11676
11685
11699
11702
11763
11778
11779
11788
11789
11800
11801
11809
11817
11821
11845
11846
11865
11865
11865
11878
11891
11897
11925
11937
11938
11953
11955
11956
11959
11962
11970
12008
12010
12023
12031
12032
12037
12052
12059
12077
12110
12116
12147
12147
12157
12201
12246
12249
12285
12290
12358
12359
12369
12379
12388
12419
12446
12449
12451
12452
12458
12470
12477
12505
12509
12515
12517
12533
12537
12550
12552
12552
12560
12578
12582
12590
12600
12618
12629
12632
12642
12677
12678
12685
12689
12696
12698
12707
12709
12717
12722
12728
12732
12735
12747
12761
12781
12789
12795
12796
12797
12820
12829
12849
12861
12863
12864
12870
12870
12893
12904
12906
12911
12911
12933
12934
12941
12942
12946
12957
12972
12989
12993
13008
13013
13016
13024
13042
13095
13103
13106
13108
13110
13124
13131
13133
13138
13139
13144
13157
13161
13164
13183
13204
13245
13248
13264
13292
13301
13304
13308
13347
13347
13348
13351
13361
13386
13419
13421
13421
13437
13439
13444
13448
13459
13465
13486
13504
13518
13524
13542
13550
13553
13555
13556
13574
13579
13621
13621
13636
13654
13655
13673
13679
13680
13684
13686
13704
13723
13734
13734
13753
13760
13775
13793
13804
13812
13816
13820
13825
13834
13835
13839
13868
13878
13880
13881
13887
13895
13905
13908
13917
13931
13936
13947
13954
13963
13972
13982
13993
14001
14011
14030
14032
14041
14062
14076
14086
14101
14112
14142
14166
14168
14175
14191
14195
14200
14202
14240
14242
14242
14245
14249
14259
14272
14288
14306
14331
14355
14361
14379
14382
14382
14427
14441
14441
14446
14473
14474
14530
14564
14594
14602
14616
14626
14658
14670
14674
14709
14712
14720
14721
14732
14752
14755
14771
14776
14781
14785
14789
14796
14830
14845
14855
14868
14881
14897
14907
14915
14927
14943
14947
14950
14953
14968
14978
14981
14983
14997
14998
14999
15004
15013
15016
15026
15033
15044
15051
15064
15072
15074
15080
15089
15093
15095
15099
15104
15107
15132
15159
15176
15191
15192
15203
15209
15209
15211
15215
15226
15235
15247
15253
15255
15323
15337
15345
15348
15383
15385
15388
15394
15396
15400
15422
15433
15440
15444
15444
15449
15449
15454
15472
15499
15499
15509
15511
15515
15520
15527
15533
15547
15559
15574
15580
15582
15611
15612
15628
15673
15687
15693
15699
15707
15745
15756
15789
15793
15810
15810
15816
15821
15825
15828
15831
15860
15861
15864
15872
15885
15887
15904
15915
15918
15924
15927
15932
15939
15943
15958
15964
15969
16006
16018
16018
16041
16042
16061
16068
16087
16089
16110
16114
16123
16124
16127
16129
16139
16146
16157
16159
16167
16232
16258
16270
16274
16276
16295
16304
16312
16347
16388
16399
16402
16413
16424
16442
16460
16476
16511
16518
16520
16524
16545
16551
16556
16583
16583
16607
16620
16622
16631
16639
16682
16684
16704
16713
16715
16717
16723
16753
16765
16772
16782
16793
16812
16813
16822
16829
16844
16846
16862
16886
16890
16899
16912
16914
16926
16933
16939
16952
16959
16965
16970
17000
17002
17008
17050
17061
17062
17063
17077
17086
17106
17107
17108
17111
17121
17130
17135
17160
17216
17219
17236
17246
17271
17298
17303
17332
17334
17341
17346
17375
17384
17386
17450
17460
17469
17477
17492
17521
17534
17539
17541
17561
17570
17588
17597
17604
17609
17628
17657
17659
17667
17673
17676
17676
17707
17715
17716
17717
17732
17740
17741
17765
17767
17777
17779
17779
17788
17818
17833
17835
17849
17858
17863
17872
17878
17884
17900
17925
17926
17932
17936
17949
17962
17965
17988
17996
18015
18019
18021
18034
18046
18047
18064
18075
18080
18084
18084
18113
18134
18139
18150
18164
18179
18185
18186
18187
18202
18213
18220
18229
18239
18247
18274
18281
18282
18291
18331
18353
18359
18364
18369
18373
18390
18421
18430
18436
18465
18482
18502
18527
18541
18544
18566
18576
18577
18581
18625
18627
18639
18649
18658
18661
18664
18664
18668
18686
18694
18700
18702
18711
18727
18727
18748
18757
18758
18765
18766
18770
18775
18786
18794
18801
18801
18804
18812
18826
18827
18873
18883
18895
18901
18908
18917
18920
18920
18941
18943
18952
18976
18994
18999
19018
19025
19049
19060
19070
19072
19074
19075
19096
19100
19101
19113
19119
19142
19153
19161
19168
19171
19180
19209
19224
19227
19245
19256
19260
19267
19277
19282
19285
19296
19324
19332
19332
19347
19357
19366
19393
19400
19403
19426
19428
19432
19448
19462
19472
19477
19479
19483
19484
19485
19493
19507
19516
19529
19559
19561
19570
19574
19593
19603
19608
19610
19624
19627
19627
19630
19634
19656
19670
19673
19675
19745
19758
19761
19764
19794
19795
19823
19850
19863
19869
19871
19874
19887
19896
19902
19937
19941
19949
19965
19967
19980
19995
19997
20003
20009
20011
20026
20056
20077
20080
20085
20103
20120
20125
20147
20160
20181
20196
20212
20246
20253
20257
20267
20271
20276
20281
20295
20315
20341
20345
20358
20359
20397
20399
20412
20418
20443
20450
20497
20516
20523
20531
20537
20539
20544
20549
20564
20570
20600
20601
20621
20628
20630
20636
20639
20643
20658
20691
20696
20711
20729
20748
20751
20764
20772
20841
20843
20845
20895
20918
20944
20955
20957
20957
20978
20981
20991
20993
21006
21021
21044
21062
21079
21095
21099
21102
21118
21138
21142
21143
21150
21166
21176
21177
21197
21204
21207
21234
21249
21278
21286
21300
21303
21323
21341
21350
21359
21360
21377
21380
21392
21392
21392
21397
21401
21410
21413
21419
21427
21433
21433
21482
21494
21501
21512
21516
21517
21522
21550
21567
21571
21589
21609
21616
21616
21626
21628
21672
21683
21703
21706
21710
21719
21721
21724
21725
21741
21775
21806
21818
21835
21847
21848
21861
21864
21865
21891
21927
21938
21951
21967
21974
21979
22001
22007
22022
22027
22027
22037
22041
22041
22069
22074
22077
22102
22102
22103
22104
22117
22117
22125
22138
22165
22172
22181
22213
22217
22236
22238
22275
22281
22293
22295
22300
22328
22337
22347
22351
22356
22370
22383
22408
22417
22447
22449
22464
22464
22468
22484
22485
22493
22504
22516
22537
22570
22579
22579
22590
22590
22608
22610
22624
22643
22644
22689
22691
22693
22694
22709
22747
22749
22756
22780
22811
22849
22857
22874
22877
22882
22892
22897
22909
22939
22951
22957
22979
22982
22984
22987
23005
23024
23074
23075
23084
23096
23104
23107
23116
23125
23127
23139
23158
23158
23163
23169
23175
23187
23202
23222
23225
23225
23262
23284
23294
23300
23310
23322
23333
23341
23346
23351
23357
23365
23375
23420
23420
23428
23434
23447
23448
23452
23457
23471
23514
23526
23552
23553
23556
23558
23564
23568
23570
23572
23577
23580
23624
23636
23641
23658
23671
23673
23678
23687
23700
23708
23716
23716
23722
23738
23739
23743
23750
23750
23757
23789
23791
23792
23793
23801
23847
23859
23864
23870
23873
23882
23899
23941
23950
23951
23957
23972
23974
23979
24000
24012
24013
24015
24024
24024
24027
24030
24042
24049
24090
24091
24105
24106
24112
24115
24131
24131
24137
24139
24144
24151
24180
24182
24184
24194
24230
24235
24235
24243
24247
24251
24261
24265
24285
24298
24299
24306
24344
24347
24366
24387
24401
24413
24422
24424
24428
24432
24435
24455
24470
24471
24496
24501
24522
24552
24600
24606
24607
24614
24623
24644
24645
24654
24670
24674
24691
24700
24703
24705
24714
24716
24732
24735
24742
24754
24768
24770
24774
24794
24797
24797
24806
24806
24810
24811
24822
24825
24830
24836
24847
24862
24885
24893
24894
24896
24904
24918
24919
24922
24922
24925
24933
24935
24951
24979
24983
24994
25013
25043
25062
25075
25078
25081
25086
25086
25088
25093
25097
25105
25108
25110
25146
25149
25154
25186
25194
25209
25215
25216
25230
25251
25256
25265
25272
25274
25299
25313
25316
25342
25342
25342
25360
25361
25373
25378
25385
25389
25405
25408
25419
25430
25445
25452
25460
25461
25462
25465
25469
25478
25487
25497
25513
25514
25515
25536
25542
25542
25545
25551
25553
25554
25560
25564
25570
25582
25588
25617
25622
25632
25635
25644
25657
25659
25666
25674
25680
25697
25700
25706
25713
25715
25731
25732
25739
25740
25750
25757
25763
25763
25774
25784
25793
25814
25816
25828
25831
25832
25870
25879
25888
25897
25899
25903
25913
25916
25929
25939
25945
25958
25966
25967
25971
25978
25978
26022
26032
26035
26038
26039
26086
26091
26099
26103
26119
26125
26128
26144
26154
26159
26171
26203
26217
26226
26229
26232
26252
26257
26273
26277
26291
26297
26303
26310
26314
26317
26326
26339
26344
26346
26354
26366
26375
26388
26391
26402
26403
26406
26424
26429
26442
26444
26448
26456
26457
26459
26470
26484
26485
26525
26526
26526
26529
26532
26535
26560
26582
26593
26594
26597
26601
26607
26628
26651
26655
26670
26680
26681
26692
26696
26714
26715
26722
26747
26749
26754
26759
26791
26800
26829
26830
26831
26831
26837
26864
26870
26875
26896
26919
26925
26962
26970
26978
27005
27017
27025
27041
27046
27048
27053
27070
27072
27078
27084
27085
27085
27090
27091
27094
27118
27120
27126
27127
27130
27133
27156
27165
27165
27196
27205
27216
27227
27236
27237
27242
27246
27248
27260
27266
27286
27287
27291
27307
27313
27319
27323
27329
27333
27343
27365
27370
27436
27439
27453
27467
27467
27471
27475
27477
27479
27496
27498
27519
27530
27531
27536
27569
27576
27582
27586
27591
27633
27635
27639
27668
27690
27692
27694
27711
27712
27716
27722
27740
27764
27783
27804
27806
27807
27828
27859
27861
27861
27863
27873
27876
27887
27889
27892
27895
27906
27909
27910
27925
27944
27953
27958
27960
27969
27975
27978
27980
27983
28002
28024
28038
28057
28081
28106
28115
28117
28144
28171
28187
28190
28191
28197
28212
28225
28236
28237
28254
28256
28272
28277
28286
28293
28308
28310
28312
28320
28332
28347
28371
28373
28374
28382
28425
28461
28485
28497
28524
28536
28538
28553
28555
28590
28602
28606
28615
28630
28643
28644
28665
28672
28681
28704
28707
28709
28737
28740
28743
28758
28768
28847
28850
28865
28869
28875
28877
28880
28913
28914
28963
28965
28987
28996
29004
29009
29070
29073
29088
29126
29130
29137
29139
29145
29147
29151
29156
29169
29174
29193
29210
29211
29246
29257
29259
29260
29261
29270
29293
29296
29306
29313
29314
29318
29373
29375
29388
29391
29393
29396
29413
29438
29459
29476
29478
29481
29482
29486
29492
29498
29535
29581
29590
29597
29598
29625
29630
29631
29635
29643
29661
29668
29670
29688
29691
29699
29722
29740
29746
29760
29783
29788
29798
29804
29813
29818
29822
29824
29825
29827
29863
29884
29888
29918
29931
29933
29935
29937
29939
29964
29968
29973
29986
29996
30017
30023
30053
30058
30090
30100
30114
30115
30128
30131
30144
30146
30162
30163
30180
30188
30198
30230
30230
30235
30245
30255
30256
30271
30279
30284
30306
30314
30346
30367
30398
30405
30406
30407
30433
30443
30451
30463
30473
30482
30497
30500
30520
30535
30541
30569
30572
30600
30608
30625
30637
30643
30649
30676
30679
30686
30688
30690
30692
30696
30705
30715
30729
30736
30755
30761
30770
30782
30808
30809
30812
30827
30827
30847
30850
30852
30867
30870
30899
30899
30901
30911
30911
30933
30996
30999
31017
31022
31031
31041
31074
31092
31117
31118
31137
31138
31138
31143
31157
31174
31199
31214
31227
31237
31238
31279
31289
31332
31333
31337
31337
31347
31391
31441
31454
31473
31487
31499
31519
31526
31529
31538
31547
31584
31616
31629
31640
31648
31681
31684
31705
31709
31711
31723
31726
31733
31734
31752
31757
31762
31771
31789
31805
31813
31814
31817
31821
31854
31860
31869
31875
31877
31894
31905
31906
31919
31932
31975
31977
31996
32002
32026
32028
32039
32042
32052
32062
32065
32071
32095
32099
32103
32105
32138
32144
32151
32160
32160
32164
32191
32217
32229
32233
32241
32250
32262
32264
32277
32280
32283
32300
32302
32303
32311
32312
32318
32326
32330
32337
32338
32352
32358
32367
32376
32377
32387
32398
32401
32409
32411
32418
32423
32435
32444
32483
32485
32486
32497
32498
32504
32507
32518
32521
32523
32525
32526
32532
32539
32557
32573
32584
32587
32591
32592
32594
32597
32601
32613
32616
32660
32664
32683
32692
32719
32728
32736
32745
32752
32762
32763
